100
Альдебаран	4 35 55.20	16 30 35.1	65	1
β_Tau		5 26 17.50	28 36 28.3	131	2
Альциона_A	3 47 29.06	24 06 18.9	368	3
ζ_Tau		5 37 38.68	21 08 33.3	417	4
θ²_Tau		4 28 39.67	15 52 15.4	149	5
λ_Tau		4 0 40.82	12 29 25.4	370	6
ε_Tau		4 28 36.93	19 10 49.9	155	7
ο_Tau		3 24 48.84	09 01 44.6	211	8	
Атлас_A		3 49 9.73	24 03 12.7	380	9
γ_Tau		4 19 47.53	15 37 39.7	154	10
Электра		3 44 52.52	24 06 48.4	370	11
ξ_Tau		3 27 10.12	09 43 58.0	222	12
δ1_Tau		4 22 56.03	17 32 33.3	153	13
θ¹_Tau		4 28 34.43	15 57 44.0	158	14
Майя		3 45 49.59	24 22 04.3	360	15
ν_Tau		4 3 9.38	05 59 21.5	129	16	
5_Tau		3 30 52.37	12 56 12.1	360	17	
Меропа		3 46 19.56	23 56 54.5	359	18
κ¹_Tau		4 25 22.10	22 17 38.3	153	19
88_Tau		4 35 39.23	10 09 39.3	150	20
μ_Tau		4 15 32.05	08 53 32.7	435	21	
90_Tau		4 38 9.40	12 30 39.1	150	22
τ_Tau		4 42 14.70	22 57 25.1	400	23
υ_Tau		4 26 18.39	22 48 49.3	155	24
10_Tau		3 36 52.52	00 24 10.2	45	25
Тайгета		3 45 12.48	24 28 02.6	373	26
68_Tau		4 25 29.32	17 55 40.8	148	27
119_Tau		5 32 12.75	18 35 39.3	1918	28
37_Tau		4 4 41.66	22 04 55.4	181	29
71_Tau		4 26 20.67	15 37 06.0	156	30
136_Tau		5 53 19.64	27 36 44.2	438	31
ι_Tau		5 3 5.70	21 35 24.2	163	32
ρ_Tau		4 33 50.86	14 50 40.2	152	33
σ2_Tau		4 39 16.45	15 55 04.9	159	34
π_Tau		4 26 36.38	14 42 49.9	455	35
64_Tau		4 24 5.69	17 26 39.2	146	36
139_Tau		5 57 59.66	25 57 14.1	2103	37	
47_Tau		4 13 56.39	09 15 50.0	371	38
126_Tau		5 41 17.72	16 32 03.1	748	39
114_Tau		5 27 38.08	21 56 13.1	695	40
132_Tau		5 49 0.96	24 34 03.2	522	41	
134_Tau		5 49 32.94	12 39 04.9	272	42	
104_Tau		5 07 26.68	18 38 42.0	52	43	
ω_Tau		4 17 15.69	20 34 43.5	93	44	
75_Tau		4 28 26.37	16 21 34.7	194	45	
109_Tau		5 19 16.59	22 05 48.1	206	46	
φ_Tau		4 20 21.23	27 21 03.4	342	47	
111_Tau		5 24 25.31	17 23 00.8	48	48	
79_Tau		4 28 50.10	13 02 51.5	160	49
Плейона		3 49 11.20	24 08 12.6	387	50
30_Tau		3 48 16.25	11 08 36.1	565	51
σ¹_Tau		4 39 9.20	15 48 00.1	152	52
97_Tau		4 51 22.41	18 50 23.8	189	53
66_Tau		4 23 51.84	09 27 39.5	396	54	
4_Tau		3 30 24.48	11 20 11.3	417	55	
41_Tau		4 06 36.40	27 36 00.1	494	56	
125_Tau		5 39 44.19	25 53 49.7	495	57	
ψ_Tau		4 07 0.52	29 00 04.6	90	58
58_Tau		4 20 36.24	15 05 43.8	154	59
κ²_Tau		4 25 24.94	22 12 00.4	144	60
l_Tau		5 07 48.43	20 25 06.4	173	61	
133_Tau		5 47 42.90	13 53 58.7	799	62	
46_Tau		4 13 33.11	07 42 57.7	121	63	
40_Tau		4 3 44.60	05 26 08.3	1045	64	
49_Eri		4 37 13.68	00 59 54.0	847	65	
29_Tau		3 45 40.43	06 03 00.1	588	66	
56_Tau		4 19 36.69	21 46 24.9	316	67	
121_au		5 35 27.12	24 02 22.7	599	68
χ_Tau		4 22 34.93	25 37 45.7	267	69	
44_Tau		4 10 49.88	26 28 51.7	195	70
83_Tau		4 30 37.30	13 43 28.0	149	71
115_Tau		5 27 10.09	17 57 44.2	668	72	
Целено		3 44 48.20	24 17 22.5	334	73
93_Tau		4 40 3.42	12 11 51.5	345	74
36_Tau		4 4 21.67	24 06 21.7	953	75
81_Tau		4 30 38.83	15 41 31.0	145	76
118_Tau		5 29 16.49	25 09 01.1	434	77	
130_Tau		5 47 26.20	17 43 44.9	1268	78	
53_Tau		4 19 26.08	21 08 32.7	267	79	
103_Tau		5 8 6.62	24 15 54.7	3228	80	
43_Tau		4 9 9.90	19 36 33.5	291	81
116_Tau		5 27 45.61	15 52 26.8	565	82	
72_Tau		4 27 17.45	22 59 46.9	415	83	
44_Eri		4 28 32.11	01 22 51.1	385	84	
122_Tau		5 37 03.71	17 02 25.5	176	85
135_Tau		5 50 28.90	14 18 20.5	312	86
12_Tau		3 39 51.14	03 03 24.6	400	87
57_Tau		4 19 57.63	14 02 06.9	146	88
80_Tau		4 30 08.53	15 38 16.4	142	89
137_Tau		5 52 22.30	14 10 18.5	515	90	
32_Tau		3 56 52.03	22 28 41.7	146	91	
51_Tau		4 18 23.14	21 34 45.8	179	92
63_Tau		4 23 25.00	16 46 38.4	154	93
18_Tau		3 45 09.73	24 50 21.7	368	94	
31_Tau		3 52 00.22	06 32 05.7	704	95
120_Tau		5 33 31.63	18 32 24.8	1874	96
13_Tau		3 42 18.94	19 42 01.0	409	97
45_Tau		4 11 20.20	05 31 22.9	126	98
60_Tau		4 22 03.45	14 04 38.1	149	99
131_Tau		5 47 13.15	14 29 18.3	422	100	
